125.000000
125.000000
128.000000
128.000000
129.000000
129.000000
130.000000
129.000000
126.000000
129.000000
129.000000
126.000000
128.000000
129.000000
124.000000
125.000000
129.000000
129.000000
129.000000
129.000000
125.000000
125.000000
129.000000
129.000000
129.000000
130.000000
129.000000
129.000000
129.000000
130.000000
128.000000
129.000000
129.000000
129.000000
130.000000
129.000000
129.000000
129.000000
129.000000
130.000000
129.000000
129.000000
129.000000
129.000000
129.000000
129.000000
129.000000
129.000000
131.000000
128.000000
129.000000
129.000000
129.000000
130.000000
130.000000
129.000000
129.000000
129.000000
129.000000
129.000000
129.000000
129.000000
129.000000
129.000000
129.000000
129.000000
130.000000
129.000000
129.000000
132.000000
130.000000
129.000000
129.000000
129.000000
130.000000
129.000000
129.000000
129.000000
129.000000
129.000000
129.000000
129.000000
129.000000
128.000000
129.000000
129.000000
129.000000
129.000000
128.000000
129.000000
129.000000
129.000000
129.000000
129.000000
130.000000
129.000000
129.000000
129.000000
126.000000
129.000000
129.000000
129.000000
129.000000
129.000000
129.000000
166.000000
177.000000
203.000000
188.000000
198.000000
188.000000
187.000000
192.000000
192.000000
192.000000
192.000000
190.000000
192.000000
194.000000
193.000000
193.000000
211.000000
194.000000
192.000000
187.000000
200.000000
194.000000
192.000000
195.000000
190.000000
190.000000
195.000000
194.000000
192.000000
192.000000
192.000000
190.000000
195.000000
190.000000
200.000000
193.000000
191.000000
193.000000
201.000000
189.000000
176.000000
168.000000
163.000000
162.000000
160.000000
161.000000
158.000000
157.000000
157.000000
157.000000
155.000000
156.000000
156.000000
158.000000
157.000000
160.000000
157.000000
157.000000
157.000000
156.000000
156.000000
155.000000
155.000000
154.000000
155.000000
156.000000
155.000000
156.000000
156.000000
157.000000
156.000000
160.000000
157.000000
157.000000
158.000000
158.000000
156.000000
157.000000
156.000000
159.000000
160.000000
157.000000
157.000000
157.000000
157.000000
156.000000
155.000000
155.000000
158.000000
156.000000
156.000000
156.000000
160.000000
158.000000
157.000000
159.000000
158.000000
157.000000
157.000000
160.000000
157.000000
156.000000
160.000000
155.000000
160.000000
156.000000
157.000000
157.000000
156.000000
157.000000
156.000000
157.000000
155.000000
160.000000
158.000000
157.000000
152.000000
156.000000
163.000000
161.000000
157.000000
156.000000
156.000000
156.000000
155.000000
155.000000
155.000000
158.000000
156.000000
156.000000
155.000000
157.000000
158.000000
157.000000
157.000000
156.000000
156.000000
160.000000
158.000000
160.000000
156.000000
157.000000
158.000000
156.000000
158.000000
156.000000
159.000000
156.000000
158.000000
157.000000
160.000000
