125.000000
128.000000
126.000000
126.000000
126.000000
125.000000
128.000000
126.000000
126.000000
126.000000
126.000000
126.000000
125.000000
128.000000
126.000000
126.000000
126.000000
126.000000
125.000000
128.000000
126.000000
126.000000
126.000000
128.000000
126.000000
126.000000
126.000000
126.000000
123.000000
126.000000
126.000000
126.000000
122.000000
126.000000
126.000000
126.000000
126.000000
125.000000
126.000000
126.000000
126.000000
126.000000
125.000000
126.000000
126.000000
125.000000
126.000000
126.000000
126.000000
126.000000
125.000000
126.000000
125.000000
126.000000
125.000000
126.000000
126.000000
126.000000
126.000000
126.000000
125.000000
126.000000
128.000000
126.000000
126.000000
126.000000
128.000000
126.000000
125.000000
126.000000
126.000000
124.000000
125.000000
126.000000
128.000000
128.000000
126.000000
126.000000
124.000000
127.000000
125.000000
126.000000
126.000000
128.000000
126.000000
126.000000
126.000000
125.000000
128.000000
126.000000
125.000000
126.000000
125.000000
123.000000
126.000000
125.000000
126.000000
126.000000
123.000000
126.000000
125.000000
126.000000
136.000000
166.000000
172.000000
180.000000
183.000000
187.000000
186.000000
189.000000
179.000000
168.000000
163.000000
158.000000
157.000000
155.000000
155.000000
156.000000
153.000000
153.000000
155.000000
154.000000
154.000000
155.000000
151.000000
153.000000
153.000000
154.000000
155.000000
155.000000
153.000000
153.000000
154.000000
155.000000
154.000000
154.000000
157.000000
153.000000
155.000000
154.000000
156.000000
158.000000
155.000000
156.000000
157.000000
155.000000
154.000000
156.000000
155.000000
153.000000
155.000000
152.000000
155.000000
157.000000
158.000000
155.000000
154.000000
155.000000
157.000000
158.000000
155.000000
154.000000
153.000000
154.000000
154.000000
154.000000
155.000000
158.000000
153.000000
155.000000
155.000000
157.000000
155.000000
155.000000
155.000000
153.000000
153.000000
155.000000
154.000000
155.000000
155.000000
158.000000
158.000000
155.000000
154.000000
154.000000
153.000000
156.000000
154.000000
154.000000
156.000000
154.000000
155.000000
154.000000
154.000000
156.000000
153.000000
155.000000
156.000000
156.000000
155.000000
154.000000
156.000000
157.000000
156.000000
158.000000
155.000000
154.000000
157.000000
154.000000
153.000000
155.000000
158.000000
155.000000
154.000000
154.000000
153.000000
154.000000
153.000000
153.000000
153.000000
156.000000
155.000000
154.000000
155.000000
157.000000
155.000000
153.000000
153.000000
155.000000
155.000000
155.000000
155.000000
154.000000
155.000000
153.000000
153.000000
156.000000
154.000000
156.000000
153.000000
153.000000
155.000000
153.000000
154.000000
155.000000
154.000000
154.000000
155.000000
153.000000
153.000000
154.000000
155.000000
153.000000
154.000000
153.000000
