133.000000
129.000000
131.000000
131.000000
131.000000
131.000000
131.000000
130.000000
130.000000
131.000000
131.000000
128.000000
131.000000
130.000000
130.000000
128.000000
130.000000
131.000000
131.000000
132.000000
131.000000
131.000000
130.000000
130.000000
132.000000
131.000000
130.000000
131.000000
131.000000
130.000000
131.000000
131.000000
130.000000
130.000000
130.000000
131.000000
131.000000
130.000000
130.000000
131.000000
130.000000
131.000000
131.000000
131.000000
131.000000
132.000000
131.000000
130.000000
131.000000
131.000000
130.000000
131.000000
131.000000
131.000000
131.000000
130.000000
131.000000
131.000000
130.000000
132.000000
131.000000
130.000000
131.000000
131.000000
131.000000
131.000000
131.000000
129.000000
131.000000
131.000000
130.000000
131.000000
130.000000
130.000000
131.000000
131.000000
131.000000
131.000000
130.000000
131.000000
130.000000
130.000000
131.000000
130.000000
131.000000
131.000000
131.000000
130.000000
130.000000
128.000000
131.000000
130.000000
131.000000
131.000000
131.000000
131.000000
131.000000
131.000000
129.000000
130.000000
130.000000
131.000000
155.000000
169.000000
174.000000
180.000000
184.000000
184.000000
195.000000
187.000000
186.000000
186.000000
185.000000
187.000000
192.000000
184.000000
186.000000
187.000000
181.000000
172.000000
168.000000
166.000000
162.000000
160.000000
161.000000
160.000000
158.000000
157.000000
162.000000
155.000000
157.000000
158.000000
161.000000
161.000000
155.000000
159.000000
158.000000
155.000000
157.000000
160.000000
158.000000
160.000000
162.000000
157.000000
158.000000
158.000000
158.000000
158.000000
157.000000
159.000000
157.000000
156.000000
158.000000
161.000000
157.000000
157.000000
158.000000
157.000000
158.000000
157.000000
161.000000
158.000000
158.000000
160.000000
157.000000
160.000000
161.000000
158.000000
158.000000
161.000000
157.000000
159.000000
163.000000
158.000000
160.000000
159.000000
160.000000
162.000000
158.000000
157.000000
158.000000
157.000000
158.000000
158.000000
158.000000
157.000000
159.000000
162.000000
158.000000
160.000000
158.000000
157.000000
157.000000
157.000000
160.000000
157.000000
158.000000
157.000000
157.000000
158.000000
159.000000
158.000000
157.000000
157.000000
156.000000
157.000000
157.000000
159.000000
157.000000
160.000000
158.000000
158.000000
157.000000
157.000000
158.000000
158.000000
159.000000
158.000000
158.000000
162.000000
157.000000
160.000000
158.000000
158.000000
158.000000
158.000000
157.000000
160.000000
157.000000
158.000000
162.000000
161.000000
158.000000
157.000000
160.000000
161.000000
158.000000
158.000000
161.000000
158.000000
157.000000
157.000000
157.000000
157.000000
158.000000
157.000000
157.000000
158.000000
157.000000
160.000000
160.000000
158.000000
158.000000
157.000000
158.000000
158.000000
