1,950,40,5353514,200000000,161,23,24
1,900,60,8028735,200000000,226,28,30
1,850,80,10703515,200000000,295,0,34
1,800,100,13375337,200000000,371,0,41
1,750,100,13384750,200000000,412,0,25
1,700,100,13388911,200000000,472,0,24
1,650,120,16077474,200000000,580,0,0
200,950,40,169205000,200000000,204,24,59
200,900,60,253804200,200000000,270,30,57
200,850,80,338408800,200000000,328,29,57
200,800,100,423007200,200000000,392,0,61
200,750,100,423067200,200000000,430,0,33
200,700,100,423107200,200000000,486,0,25
200,650,120,507779800,200000000,588,0,0
