200,1000,20,84582800,100000000,150,63,63
200,975,30,126880800,150000000,180,63,63
200,950,60,253775000,300000000,245,63,63
200,925,70,253775000,300000000,254,63,63
200,900,120,507562200,600000000,369,63,63
200,875,130,549861000,650000000,405,63,63
200,850,140,592160600,700000000,435,63,63
200,825,150,634457400,750000000,469,63,63
200,800,160,676755600,800000000,507,63,63
200,775,170,719053600,850000000,543,63,63
200,750,180,761352200,900000000,580,63,63
200,725,190,803649400,950000000,621,63,63
200,700,200,845948600,1000000000,661,63,63
200,675,200,845947800,1000000000,682,63,63
200,650,200,845948000,1000000000,711,63,63
