1,950,5353021,200000000,16,25,26
1,900,5353454,200000000,18,21,28
1,850,5354000,200000000,20,15,26
50,950,115756200,200000000,19,31,48
50,900,115765800,200000000,21,23,47
50,850,115783400,200000000,23,15,40
100,950,146635500,200000000,20,31,49
100,900,146643600,200000000,22,23,47
100,850,146657700,200000000,24,15,39
150,950,160947150,200000000,20,31,49
150,900,160953750,200000000,22,23,47
150,850,160965150,200000000,24,15,39
200,950,169203800,200000000,21,31,47
200,900,169209200,200000000,22,23,45
200,850,169218600,200000000,25,16,40
250,950,174578250,200000000,21,31,40
250,900,174583250,200000000,22,23,40
250,850,174591000,200000000,25,16,40
