139.000000
139.000000
139.000000
139.000000
138.000000
139.000000
139.000000
139.000000
138.000000
138.000000
138.000000
138.000000
138.000000
139.000000
138.000000
138.000000
138.000000
138.000000
138.000000
138.000000
139.000000
138.000000
138.000000
138.000000
138.000000
139.000000
138.000000
138.000000
138.000000
138.000000
138.000000
138.000000
138.000000
138.000000
139.000000
139.000000
138.000000
139.000000
138.000000
138.000000
138.000000
138.000000
138.000000
138.000000
136.000000
139.000000
139.000000
137.000000
138.000000
139.000000
138.000000
138.000000
138.000000
138.000000
138.000000
138.000000
138.000000
139.000000
139.000000
139.000000
138.000000
138.000000
138.000000
138.000000
139.000000
138.000000
138.000000
139.000000
138.000000
138.000000
138.000000
138.000000
139.000000
140.000000
138.000000
139.000000
137.000000
136.000000
138.000000
138.000000
138.000000
139.000000
138.000000
138.000000
138.000000
138.000000
138.000000
138.000000
136.000000
138.000000
138.000000
139.000000
138.000000
138.000000
138.000000
138.000000
138.000000
138.000000
138.000000
139.000000
139.000000
140.000000
139.000000
139.000000
138.000000
138.000000
138.000000
138.000000
138.000000
136.000000
138.000000
138.000000
139.000000
138.000000
139.000000
173.000000
184.000000
194.000000
197.000000
210.000000
194.000000
195.000000
202.000000
204.000000
201.000000
194.000000
197.000000
203.000000
201.000000
197.000000
196.000000
202.000000
198.000000
196.000000
222.000000
214.000000
201.000000
205.000000
207.000000
205.000000
201.000000
200.000000
198.000000
198.000000
199.000000
202.000000
200.000000
198.000000
217.000000
202.000000
197.000000
203.000000
195.000000
220.000000
192.000000
203.000000
200.000000
202.000000
201.000000
194.000000
186.000000
177.000000
174.000000
171.000000
171.000000
169.000000
168.000000
170.000000
168.000000
166.000000
169.000000
166.000000
169.000000
166.000000
166.000000
165.000000
168.000000
163.000000
166.000000
165.000000
164.000000
164.000000
169.000000
170.000000
166.000000
166.000000
168.000000
163.000000
168.000000
164.000000
166.000000
170.000000
165.000000
166.000000
166.000000
169.000000
165.000000
169.000000
169.000000
166.000000
165.000000
165.000000
166.000000
164.000000
164.000000
166.000000
162.000000
168.000000
166.000000
166.000000
169.000000
166.000000
165.000000
166.000000
166.000000
164.000000
166.000000
165.000000
169.000000
164.000000
166.000000
169.000000
166.000000
163.000000
163.000000
169.000000
165.000000
164.000000
167.000000
164.000000
166.000000
166.000000
169.000000
169.000000
164.000000
168.000000
166.000000
169.000000
166.000000
162.000000
165.000000
164.000000
165.000000
165.000000
170.000000
168.000000
165.000000
166.000000
166.000000
164.000000
163.000000
166.000000
165.000000
169.000000
165.000000
165.000000
