136.000000
136.000000
136.000000
137.000000
136.000000
134.000000
136.000000
136.000000
136.000000
133.000000
137.000000
137.000000
136.000000
136.000000
136.000000
136.000000
136.000000
136.000000
136.000000
137.000000
136.000000
136.000000
137.000000
136.000000
136.000000
136.000000
136.000000
136.000000
137.000000
136.000000
136.000000
136.000000
132.000000
136.000000
136.000000
137.000000
136.000000
136.000000
136.000000
136.000000
136.000000
136.000000
136.000000
138.000000
137.000000
137.000000
133.000000
136.000000
136.000000
137.000000
136.000000
136.000000
137.000000
136.000000
137.000000
136.000000
137.000000
138.000000
138.000000
136.000000
134.000000
132.000000
136.000000
136.000000
136.000000
137.000000
136.000000
137.000000
137.000000
136.000000
136.000000
137.000000
136.000000
136.000000
136.000000
136.000000
136.000000
137.000000
136.000000
136.000000
137.000000
136.000000
136.000000
136.000000
140.000000
138.000000
136.000000
137.000000
136.000000
137.000000
136.000000
136.000000
137.000000
136.000000
136.000000
137.000000
136.000000
136.000000
136.000000
136.000000
136.000000
136.000000
137.000000
138.000000
137.000000
137.000000
137.000000
137.000000
136.000000
136.000000
136.000000
137.000000
183.000000
187.000000
189.000000
194.000000
195.000000
198.000000
186.000000
197.000000
198.000000
200.000000
198.000000
202.000000
198.000000
202.000000
198.000000
200.000000
197.000000
198.000000
197.000000
200.000000
198.000000
200.000000
197.000000
200.000000
197.000000
199.000000
198.000000
199.000000
199.000000
198.000000
203.000000
198.000000
197.000000
200.000000
198.000000
200.000000
200.000000
200.000000
194.000000
197.000000
199.000000
210.000000
218.000000
217.000000
197.000000
180.000000
175.000000
171.000000
172.000000
165.000000
165.000000
165.000000
163.000000
166.000000
163.000000
164.000000
165.000000
163.000000
163.000000
163.000000
164.000000
164.000000
163.000000
164.000000
168.000000
166.000000
164.000000
163.000000
162.000000
164.000000
164.000000
163.000000
163.000000
163.000000
160.000000
164.000000
163.000000
165.000000
163.000000
166.000000
164.000000
164.000000
166.000000
161.000000
168.000000
163.000000
163.000000
164.000000
164.000000
164.000000
168.000000
164.000000
161.000000
162.000000
163.000000
163.000000
171.000000
163.000000
166.000000
163.000000
164.000000
166.000000
160.000000
164.000000
164.000000
168.000000
164.000000
164.000000
163.000000
164.000000
165.000000
165.000000
164.000000
166.000000
164.000000
164.000000
164.000000
164.000000
163.000000
162.000000
163.000000
164.000000
164.000000
163.000000
162.000000
166.000000
162.000000
162.000000
163.000000
164.000000
165.000000
164.000000
168.000000
163.000000
164.000000
163.000000
164.000000
164.000000
162.000000
164.000000
164.000000
162.000000
164.000000
163.000000
