200,1100,50,211476800,250000000,168,63,63
200,1075,60,253775200,300000000,193,63,63
200,1050,60,253775000,300000000,202,63,63
200,1025,70,296073200,350000000,230,63,63
200,1000,90,380669200,450000000,286,63,63
200,975,90,380669400,450000000,288,63,63
200,950,100,422967400,500000000,313,63,63
200,925,110,465265400,550000000,340,63,63
200,900,120,507562200,600000000,369,63,63
200,875,130,549861000,650000000,405,63,63
200,850,140,592160600,700000000,435,63,63
200,825,150,634457400,750000000,469,63,63
200,800,160,676755600,800000000,507,63,63
200,775,170,719053600,850000000,543,63,63
200,750,180,761352200,900000000,580,63,63
200,725,190,803649400,950000000,621,63,63
200,700,200,845948600,1000000000,661,63,63
200,675,200,845947800,1000000000,682,63,63
200,650,200,845948000,1000000000,711,63,63
