132,139
246,139
303,140
358,139
412,139
470,139
525,139
578,138
633,139
686,137
746,139
804,139
859,139
914,139
967,139
1029,139
1085,139
1139,139
1193,139
1246,139
1307,140
1365,139
1420,140
1474,140
1529,139
1589,139
1646,139
1700,139
1753,139
1807,139
1868,138
1926,139
1982,139
2037,139
2093,139
2156,139
2213,139
2265,139
2320,139
2374,139
2434,138
2491,139
2546,139
2600,139
2654,139
2716,139
2773,139
2826,139
2882,139
2937,139
2998,139
3054,139
3111,139
3165,139
3218,139
3278,140
3334,139
3390,139
3443,139
3498,139
3559,139
3616,139
3672,139
3726,139
3781,139
3840,137
3896,139
3950,140
4003,139
4058,142
4121,139
4175,139
4231,139
4285,139
4339,139
4401,139
4458,139
4512,139
4568,139
4621,140
4683,136
4739,139
4794,140
4847,139
4901,139
4962,141
5018,140
5157,139
5219,139
5278,139
5407,138
5729,180
5824,192
5879,196
5933,203
6005,202
6063,204
6119,208
6173,206
6227,202
6287,205
6344,207
6397,204
6452,202
6506,205
6564,204
6621,205
6676,206
6731,204
6785,204
6846,204
6903,204
6959,205
7016,206
7071,204
7131,203
7188,205
7243,205
7298,203
7352,204
7412,204
7466,203
7520,204
7574,203
7628,204
7688,203
7742,206
7797,205
7851,204
7905,204
7965,204
8022,208
8075,203
8130,185
8185,177
8246,172
8303,169
8358,165
8412,165
8467,168
8527,168
8583,166
8639,168
8692,170
8747,166
8808,168
8867,166
8921,163
8975,165
9028,165
9089,168
9146,167
9201,165
9256,167
9313,167
9374,165
9431,166
9488,169
9542,165
9598,169
9661,166
9716,168
9771,169
9827,165
9881,166
9942,168
10001,168
10055,168
10110,166
10165,165
10225,166
10281,168
10335,166
10390,166
10444,169
10504,170
10561,163
10614,166
10668,166
10722,166
10781,169
10841,168
10897,167
10951,167
11004,163
11065,165
11122,165
11177,170
11230,171
11284,170
11345,166
11401,165
11455,167
11509,169
11564,167
11625,166
11682,168
11737,168
11793,165
11847,165
11909,166
11963,165
12018,166
12072,166
12128,168
12190,168
12244,168
12298,167
12354,168
12408,166
12469,168
12525,166
12580,166
12634,168
12688,168
12748,166
12805,168
12858,166
12912,167
12966,169
13025,165
13083,168
13138,166
13194,166
13249,169
13310,166
13366,167
13420,170
13474,168
13529,166
13589,168
13646,165
13699,166
13754,166
13806,167
13866,165
13924,165
13978,167
14033,168
14089,166
14151,165
14207,167
14262,166
14316,170
14371,169
14432,168
14488,170
14542,166
14597,163
14650,166
14713,164
14769,170
14823,169
14878,168
14932,168
14991,166
15049,169
15105,164
15159,166
15212,168
15270,169
15327,169
15382,168
15439,168
15493,164
15553,166
15610,168
15665,166
15719,168
15772,168
15833,166
15888,170
15942,167
15996,170
16050,166
16111,166
16167,168
16221,168
16274,165
16329,169
16389,165
16446,166
16501,166
16554,168
16609,166
16670,168
16727,165
16780,168
16835,168
16890,165
16951,168
17007,171
17063,162
17118,167
17171,168
17231,166
17287,166
17341,167
17395,165
17448,166
17511,165
17568,165
17624,165
17679,169
17732,165
17796,166
17852,167
17906,166
17960,168
18014,168
18073,166
18130,168
18185,168
18241,169
18295,168
18356,166
18411,169
18465,166
18520,166
18576,166
18636,167
18692,166
18748,168
18801,166
18855,169
18915,171
18971,166
19024,170
19078,170
19133,168
19192,167
19250,167
19304,166
19359,168
19413,168
19475,167
19534,170
19588,165
19644,165
19700,166
19761,165
19818,165
19874,169
19927,168
19982,171
20044,168
20101,168
20155,165
20207,165
20261,168
20321,166
20377,166
20430,168
20485,168
20539,167
20598,168
20656,165
20711,166
20765,165
20820,165
20880,168
20936,168
20990,168
21044,168
21098,168
21161,168
21216,165
21271,163
21324,166
21377,168
21438,168
21494,165
21548,169
21603,166
21656,169
21717,166
21776,164
21832,166
21886,169
21939,166
22001,165
22056,169
22109,170
22165,168
22220,164
22280,171
22338,168
22394,167
22449,165
22504,166
22565,169
22622,167
22677,165
22730,166
22785,166
22846,166
22904,166
22960,165
23015,166
23070,168
23131,164
23187,165
23241,167
23295,168
23349,165
23411,168
23465,168
23518,167
23572,166
23626,165
23686,168
23744,166
23800,168
23855,168
23910,170
23970,165
24026,167
24081,166
24134,168
24189,164
24251,166
24306,168
24361,170
24417,164
24470,170
24530,166
24588,168
24646,168
24703,168
24759,163
24821,168
24876,166
24931,166
24986,168
25042,166
25101,168
25160,166
25215,166
25269,170
25323,164
25383,168
25440,168
25493,166
25548,168
25600,168
25661,166
25716,168
25771,170
25828,168
25881,167
25942,165
25999,166
26052,165
26106,168
26161,170
26222,164
26278,166
26332,170
26386,169
26441,165
26503,166
26560,166
26615,168
26668,171
26722,166
26783,168
26838,170
26893,166
26949,166
27004,166
27066,166
27121,170
27176,168
27231,166
27285,170
27346,168
27403,168
27457,165
27513,166
27569,166
27629,166
27687,166
27742,166
27798,168
27852,169
27912,164
27969,168
28025,167
28080,163
28133,169
28192,166
28249,165
28303,170
28357,166
28410,170
28471,166
28531,168
28588,168
28644,168
28698,166
28759,166
28815,168
28872,164
28927,165
28982,166
29043,168
29099,167
29154,168
29211,167
29265,166
29326,169
29383,168
