129,138
239,138
310,138
368,133
421,138
475,136
529,138
590,139
647,138
703,138
757,138
812,138
872,136
929,138
986,138
1039,138
1093,138
1153,139
1211,137
1265,138
1320,137
1375,138
1437,135
1493,138
1549,137
1602,138
1657,138
1717,138
1772,138
1829,138
1883,138
1936,138
1996,138
2052,138
2106,137
2158,137
2212,138
2273,138
2328,138
2383,138
2436,137
2492,138
2551,138
2607,138
2661,138
2714,138
2768,138
2828,138
2882,138
2937,138
2990,138
3044,138
3104,135
3162,138
3217,139
3271,138
3325,138
3386,133
3442,137
3497,141
3551,138
3605,138
3666,138
3723,138
3778,138
3832,138
3886,138
3944,138
4000,139
4055,138
4110,138
4164,138
4226,138
4282,139
4337,138
4392,137
4445,138
4505,138
4562,138
4617,138
4672,138
4727,138
4787,137
4844,138
4898,138
4952,138
5007,137
5150,138
5214,138
5276,138
5383,138
5673,169
5813,185
5874,193
5928,194
5986,194
6039,195
6100,197
6157,196
6212,196
6269,200
6322,196
6382,196
6438,196
6493,196
6546,197
6599,195
6660,195
6716,200
6771,196
6824,200
6878,196
6938,197
6997,200
7054,196
7109,196
7163,198
7222,196
7280,195
7337,195
7392,195
7446,196
7507,195
7565,198
7621,196
7675,197
7729,195
7788,198
7845,196
7899,196
7955,194
8010,196
8071,196
8125,184
8182,173
8236,169
8290,166
8351,168
8406,166
8461,169
8515,166
8570,170
8630,169
8687,165
8745,169
8801,165
8857,165
8917,165
8973,165
9026,165
9080,162
9134,166
9197,166
9252,166
9305,162
9359,168
9413,164
9473,166
9528,165
9583,165
9637,164
9690,170
9751,165
9807,169
9863,165
9919,165
9973,166
10035,168
10091,166
10145,166
10200,165
10255,164
10314,165
10370,164
10426,164
10480,172
10534,164
10595,166
10650,164
10706,162
10760,165
10816,165
10877,164
10932,166
10987,166
11041,165
11095,164
11155,168
11211,165
11266,165
11320,165
11374,166
11433,165
11489,163
11544,165
11597,163
11652,162
11712,169
11767,165
11822,165
11875,163
11928,165
11989,164
12045,164
12101,166
12154,164
12209,166
12270,166
12325,168
12379,164
12434,166
12488,165
12550,165
12606,168
12662,166
12714,166
12768,165
12828,165
12884,163
12939,164
12993,164
13047,164
13108,164
13166,164
13219,166
13273,165
13326,166
13386,169
13441,165
13495,165
13550,164
13602,165
13663,164
13721,165
13777,164
13831,164
13885,166
13947,166
14003,164
14056,165
14111,168
14166,165
14226,166
14285,163
14340,166
14395,166
14447,164
14508,165
14565,169
14620,165
14673,169
14727,166
14790,164
14847,162
14901,168
14956,165
15011,164
15073,165
15127,168
15182,166
15235,164
15288,164
15349,161
15406,166
15461,164
15516,167
15571,166
15630,164
15689,165
15743,169
15798,165
15853,165
15912,163
15968,168
16024,164
16078,166
16130,165
16190,166
16249,164
16304,165
16360,169
16414,167
16473,166
16530,166
16586,165
16640,166
16694,163
16753,164
16810,165
16865,165
16917,166
16972,165
17033,165
17090,168
17147,165
17202,166
17257,165
17319,169
17377,165
17433,164
17488,164
17542,168
17604,163
17661,166
17718,168
17773,164
17826,165
17889,168
17945,166
18000,168
18053,166
18107,166
18170,165
18223,168
18277,165
18332,165
18387,165
18446,166
18503,166
18557,166
18610,165
18664,163
18724,163
18783,161
18838,165
18892,167
18945,166
19007,164
19063,166
19118,169
19173,164
19227,166
19287,165
19346,169
19401,166
19455,164
19510,166
19571,166
19626,164
19680,164
19735,165
19791,168
19851,169
19908,168
19963,165
20016,169
20070,166
20132,165
20186,164
20240,169
20293,164
20346,165
20410,164
20466,164
20521,166
20575,164
20630,165
20692,166
20748,166
20802,169
20858,165
20912,163
20972,165
21027,164
21083,166
21136,166
21190,166
21251,169
21305,165
21358,166
21413,163
21467,166
21526,165
21582,166
21638,166
21692,164
21744,165
21805,164
21860,166
21916,164
21971,165
22024,163
22084,165
22141,166
22196,164
22251,168
22305,166
22365,166
22421,165
22476,163
22532,166
22586,165
22647,166
22702,166
22756,165
22808,165
22863,163
22925,166
22982,166
23036,165
23090,168
23143,165
23203,165
23261,166
23316,168
23370,166
23425,166
23486,168
23545,169
23601,166
23658,165
23715,166
23776,163
23831,165
23887,165
23941,166
23996,167
24055,166
24112,168
24168,169
24223,164
24278,165
24339,166
24397,165
24453,164
24507,166
24563,165
24622,165
24679,168
24736,166
24791,169
24844,164
24906,165
24964,169
25019,165
25074,164
25127,166
25188,165
25245,164
25300,165
25353,164
25408,166
25467,168
25523,165
25579,166
25634,164
25688,169
25749,164
25805,165
25859,166
25913,166
25967,165
26027,165
26083,168
26138,164
26192,165
26245,168
26305,164
26362,165
26418,165
26473,165
26527,164
26586,165
26643,163
26698,164
26751,168
26806,166
26867,168
26926,167
26980,166
27034,165
27088,166
27148,164
27204,165
27257,164
27311,169
27367,165
27427,163
27484,166
27539,164
27592,165
27646,165
27705,165
27764,164
27819,166
27874,164
27929,166
27989,166
28047,164
28101,162
28154,165
28209,166
28270,165
28325,162
28380,164
28433,169
28486,165
28548,165
28605,166
28662,166
28716,164
28770,166
28831,164
28885,165
28939,162
28995,166
29048,169
29110,168
29167,162
29220,165
29275,166
29329,165
