1,1050,958,959,12
1,1000,958,959,13
1,950,958,959,15
1,900,958,959,16
50,1050,598,599,14
50,1000,598,599,15
50,950,598,599,17
50,900,598,599,18
100,1050,432,433,14
100,1000,432,433,16
100,950,432,433,18
100,900,432,433,19
200,1050,278,279,15
200,1000,278,279,17
200,950,278,279,18
200,900,278,279,20
300,1050,205,206,15
300,1000,205,206,17
300,950,205,206,18
300,900,205,206,20
225,1050,255,256,15
225,1000,255,256,17
225,950,255,256,18
225,900,255,256,20
250,1050,236,237,15
250,1000,236,237,17
250,950,236,237,19
250,900,236,237,20
275,1050,219,220,15
275,1000,219,220,17
275,950,219,220,19
275,900,219,220,20
