123,136
243,136
305,136
364,133
419,136
472,135
534,136
590,136
645,136
699,136
754,136
814,136
870,133
924,135
977,139
1033,136
1095,136
1151,136
1207,136
1262,137
1316,136
1375,135
1431,136
1487,136
1541,136
1596,136
1655,137
1712,136
1765,132
1818,136
1873,136
1934,136
1992,136
2047,136
2102,136
2157,132
2217,136
2272,136
2328,137
2382,136
2437,137
2500,136
2555,136
2609,136
2665,136
2718,136
2778,136
2836,133
2893,135
2948,137
3002,136
3063,136
3118,136
3173,136
3227,136
3282,136
3342,135
3399,136
3453,136
3508,136
3562,136
3623,136
3680,136
3735,136
3789,136
3841,137
3902,137
3958,136
4012,136
4066,136
4120,136
4180,136
4238,136
4293,136
4347,136
4401,136
4460,136
4518,136
4573,136
4628,136
4683,136
4744,136
4802,136
4858,136
4913,136
4967,136
5088,137
5171,136
5235,136
5294,135
5416,136
5764,185
5844,194
5898,203
5954,205
6008,208
6070,208
6126,208
6179,210
6234,210
6289,214
6349,210
6406,211
6462,208
6516,209
6569,209
6632,203
6688,210
6743,210
6797,209
6852,220
6914,211
6972,210
7028,208
7083,210
7137,214
7198,209
7255,208
7310,222
7363,210
7418,211
7480,200
7535,203
7589,184
7643,176
7696,170
7754,165
7813,167
7869,168
7924,164
7978,170
8038,164
8096,163
8152,163
8206,164
8260,163
8320,162
8378,163
8433,164
8485,164
8541,164
8601,164
8658,165
8713,162
8766,162
8821,164
8884,162
8940,161
8994,164
9049,164
9103,165
9162,168
9220,162
9276,162
9330,168
9384,162
9443,164
9500,166
9555,162
9609,163
9663,165
9723,163
9778,162
9832,162
9887,166
9940,162
10001,165
10056,163
10112,163
10167,166
10222,162
10283,163
10338,164
10391,164
10446,162
10500,166
10561,164
10620,163
10673,165
10728,164
10783,162
10844,164
10902,164
10958,164
11011,163
11066,163
11128,164
11185,161
11239,163
11294,162
11347,163
11405,164
11462,162
11519,168
11573,162
11628,163
11689,164
11745,164
11799,163
11853,161
11909,162
11970,164
12026,165
12082,160
12136,163
12191,164
12252,164
12309,164
12364,166
12419,162
12473,164
12533,162
12590,162
12645,168
12697,167
12752,165
12813,161
12869,166
12924,163
12976,165
13031,165
13092,162
13146,163
13201,164
13255,163
13308,161
13370,168
13426,163
13479,163
13534,162
13587,162
13648,164
13706,165
13761,164
13815,162
13869,165
13930,164
13988,162
14042,163
14098,163
14151,162
14212,164
14266,166
14321,164
14377,164
14430,162
14491,164
14546,166
14600,164
14655,164
14709,164
14770,163
14829,162
14885,164
14939,163
14993,162
15054,163
15111,165
15165,166
15220,165
15274,164
15333,164
15390,162
15443,164
15497,162
15550,163
15611,162
15669,163
15723,163
15779,165
15834,163
15895,164
15951,164
16006,163
16059,165
16114,162
16176,162
16231,164
16288,160
16341,164
16396,164
16456,164
16513,165
16569,163
16621,165
16676,163
16736,162
16791,161
16845,163
16899,164
16953,164
17012,164
17068,165
17120,163
17174,164
17228,163
17289,164
17346,164
17400,162
17455,163
17508,162
17570,165
17626,166
17683,163
17738,163
17794,164
17857,164
17911,164
17967,163
18021,164
18075,164
18133,164
18191,166
18245,166
18303,166
18358,160
18418,163
18475,165
18530,163
18583,166
18637,164
18699,163
18757,162
18811,162
18865,163
18918,163
18980,164
19035,164
19088,164
19143,162
19197,166
19259,164
19317,166
19375,163
19429,163
19483,163
19545,163
19601,163
19656,164
19709,162
19764,164
19826,166
19882,163
19937,163
19991,164
20045,163
20105,163
20163,168
20217,163
20273,162
20328,164
20388,165
20444,163
20498,164
20553,163
20606,163
20668,162
20726,163
20781,158
20836,164
20891,163
20953,165
21009,164
21063,163
21118,162
21173,164
21233,163
21291,163
21346,163
21400,164
21455,162
21515,162
21571,164
21625,166
21680,161
21734,165
21794,164
21854,164
21911,163
21964,164
22018,163
22079,161
22136,163
22191,163
22246,164
22302,165
22365,163
22420,164
22474,164
22526,162
22581,164
22642,163
22700,164
22757,165
22812,164
22867,165
22927,165
22982,164
23037,163
23090,163
23145,165
23206,164
23263,164
23317,162
23372,163
23425,162
23484,168
23540,164
23597,163
23651,163
23707,166
23768,162
23826,162
23879,163
23933,163
23987,164
24048,163
24104,163
24161,165
24214,164
24267,162
24330,162
24386,165
24441,163
24495,162
24549,164
24611,163
24667,162
24722,164
24778,163
24833,164
24893,164
24950,163
25004,164
25059,163
25113,164
25173,164
25231,162
25286,162
25343,166
25398,162
25460,163
25516,163
25570,166
25625,165
25679,163
25741,164
25798,163
25853,163
25906,163
25960,165
26021,163
26077,163
26132,164
26186,166
26240,162
26300,164
26354,164
26410,164
26465,164
26520,164
26579,163
26635,164
26692,164
26746,162
26800,165
26860,163
26917,163
26971,163
27026,162
27079,163
27140,164
27195,162
27248,166
27304,162
27358,162
27418,163
27474,165
27532,162
27586,164
27641,162
27702,162
27759,161
27812,162
27867,164
27921,163
27981,163
28037,165
28090,163
28145,163
28199,162
28258,164
28314,165
28370,165
28423,166
28477,163
28538,162
28593,166
28648,163
28703,163
28757,164
28816,163
28872,163
28927,164
28980,162
29033,166
29094,161
29153,168
29212,163
29268,163
29321,164
29382,164
