200,1000,20,83857600,100000000,193,63,618669590
200,975,30,125800200,150000000,211,63,618669590
200,950,60,251626600,300000000,239,63,618669590
200,925,80,335511200,400000000,278,63,618669590
200,900,120,503282200,600000000,363,63,618669590
200,875,130,545222600,650000000,399,63,618669590
200,850,140,587165000,700000000,432,63,618669590
200,825,150,629107200,750000000,468,63,618669590
200,800,160,671049400,800000000,506,63,618669590
200,775,170,712991800,850000000,544,63,618669590
200,750,180,754934200,900000000,581,63,618669590
200,725,190,796875800,950000000,623,63,618669590
200,700,200,838819200,1000000000,663,63,618669590
200,675,200,838819000,1000000000,685,63,618669590
200,650,200,838821600,1000000000,713,63,618669590
