200,1000,20,82815800,100000000,230,63,618669590
200,975,30,124236600,150000000,240,63,618669590
200,950,60,248500000,300000000,234,63,618669590
200,925,80,331342000,400000000,270,63,618669590
200,900,120,497027400,600000000,362,63,618669590
200,875,130,538447600,650000000,396,63,618669590
200,850,140,579868600,700000000,432,63,618669590
200,825,150,621289400,750000000,467,63,618669590
200,800,160,662710600,800000000,506,63,618669590
200,775,170,704131800,850000000,543,63,618669590
200,750,180,745555800,900000000,581,63,618669590
200,725,190,786974200,950000000,623,63,618669590
200,700,200,828395600,1000000000,663,63,618669590
200,675,200,828395200,1000000000,685,63,618669590
200,650,200,828394800,1000000000,713,63,618669590
