200,1100,50,204844800,250000000,173,14925
200,1075,60,245819800,300000000,208,24581
200,1050,60,245819000,300000000,219,23784
200,1025,70,286789800,350000000,257,28678
200,1000,90,368729400,450000000,322,36872
200,975,90,368729600,450000000,333,36872
200,950,100,409710000,500000000,374,40970
200,925,110,450669400,550000000,412,45066
200,900,120,491639800,600000000,450,49163
200,875,130,532609400,650000000,493,53260
200,850,140,573580000,700000000,532,57357
200,825,150,614549600,750000000,572,61454
200,800,160,655519800,800000000,616,65551
200,775,170,696488400,850000000,657,69648
200,750,180,737458200,900000000,700,73745
200,725,190,778429000,950000000,747,77842
200,700,200,819399600,1000000000,791,81939
200,675,200,819398200,1000000000,813,81939
200,650,200,819399400,1000000000,839,81939
