57
56
55
54
55
53
53
51
55
54
53
51
53
52
50
48
55
53
53
51
53
51
50
49
53
51
50
49
51
49
48
47
55
54
53
51
53
51
51
49
53
51
50
48
52
49
48
46
53
51
51
49
51
49
48
47
51
49
49
47
48
47
47
45
55
53
53
51
53
51
50
48
53
51
51
48
51
48
48
47
53
51
50
48
50
49
48
46
51
49
48
47
48
47
47
45
53
52
51
49
50
49
48
47
51
49
48
47
48
47
46
45
51
49
48
47
48
47
47
45
48
47
47
45
47
45
45
44
55
54
53
52
54
52
51
49
53
52
51
49
52
49
48
47
54
51
51
49
52
49
48
47
51
49
49
47
49
47
47
45
54
52
52
49
51
49
49
47
52
49
49
47
49
47
47
45
51
49
49
47
49
47
47
45
49
47
47
45
47
45
45
45
54
52
51
49
52
50
49
47
51
50
48
47
49
47
47
45
51
49
49
47
49
47
47
45
49
47
47
45
47
46
46
44
51
49
49
47
49
47
47
45
49
47
47
45
47
46
45
44
49
47
47
45
47
46
45
44
47
45
45
44
46
45
44
43
