1,1040,4434400,347,13
1,1050,4434400,347,12
1,1060,4434400,347,12
1,990,4434400,347,14
1,1000,4434400,347,14
1,1010,4434400,347,13
1,940,4434400,347,15
1,950,4434400,347,15
1,960,4434400,347,15
1,890,4434400,347,17
1,900,4434400,347,16
1,910,4434400,347,16
50,1040,2125344,167,15
50,1050,2125343,167,14
50,1060,2125343,167,14
50,990,2125341,167,16
50,1000,2125342,167,16
50,1010,2125345,167,16
50,940,2125342,167,18
50,950,2125345,167,18
50,960,2125343,167,17
50,890,2125343,167,20
50,900,2125345,167,19
50,910,2125345,167,19
75,1040,1679226,132,15
75,1050,1679224,132,15
75,1060,1679225,132,15
75,990,1679226,132,17
75,1000,1679226,132,16
75,1010,1679223,132,16
75,940,1679224,132,18
75,950,1679226,132,18
75,960,1679225,132,18
75,890,1679227,132,20
75,900,1679225,132,20
75,910,1679225,132,19
100,1040,1387901,109,16
100,1050,1387901,109,15
100,1060,1387901,109,15
100,990,1387902,109,17
100,1000,1387902,109,17
100,1010,1387901,109,16
100,940,1387901,109,19
100,950,1387901,109,18
100,960,1387902,109,18
100,890,1387900,109,20
100,900,1387902,109,20
100,910,1387901,109,20
150,1040,1030382,81,16
150,1050,1030383,81,15
150,1060,1030384,81,15
150,990,1030383,81,17
150,1000,1030383,81,17
150,1010,1030383,81,17
150,940,1030383,81,19
150,950,1030383,81,19
150,960,1030383,81,18
150,890,1030383,81,21
150,900,1030381,81,20
150,910,1030383,81,20
200,1040,819329,65,16
200,1050,819328,65,16
200,1060,819328,65,15
200,990,819330,65,18
200,1000,819330,65,17
200,1010,819329,65,17
200,940,819328,65,19
200,950,819329,65,19
200,960,819329,65,19
200,890,819329,65,21
200,900,819328,65,21
200,910,819329,65,20
250,1040,680034,54,16
250,1050,680035,54,16
250,1060,680034,54,15
250,990,680035,54,18
250,1000,680035,54,18
250,1010,680035,54,17
250,940,680035,54,19
250,950,680035,54,19
250,960,680034,54,19
250,890,680035,54,21
250,900,680034,54,21
250,910,680034,54,20
300,1040,581223,46,16
300,1050,581222,46,16
300,1060,581223,46,16
300,990,581222,46,18
300,1000,581223,46,18
300,1010,581223,46,17
300,940,581222,46,20
300,950,581222,46,19
300,960,581223,46,19
300,890,581222,46,21
300,900,581223,46,21
300,910,581222,46,21
