119,139
227,139
296,139
354,141
409,139
464,139
518,139
578,139
635,139
688,139
743,139
796,139
855,138
912,139
965,138
1020,138
1075,139
1134,139
1190,140
1245,138
1300,139
1355,139
1416,139
1472,138
1526,139
1581,138
1636,139
1694,139
1750,139
1804,139
1858,139
1912,139
1973,139
2030,139
2085,139
2139,139
2193,139
2253,139
2309,139
2365,139
2419,139
2474,139
2533,139
2589,139
2641,138
2696,139
2749,139
2809,138
2864,138
2920,140
2972,139
3027,140
3089,139
3145,139
3201,136
3257,139
3311,139
3372,138
3431,139
3487,140
3542,138
3596,140
3657,139
3713,139
3768,139
3823,139
3878,144
3941,136
3999,139
4054,139
4108,139
4162,139
4224,134
4280,139
4334,139
4390,139
4445,137
4504,139
4563,139
4617,139
4671,139
4725,139
4784,139
4842,139
4897,139
4951,139
5005,139
5154,139
5220,139
5280,139
5396,137
5689,173
5831,189
5892,194
5947,197
6003,195
6058,203
6118,200
6173,199
6227,201
6281,203
6334,198
6393,201
6449,203
6503,200
6554,201
6609,197
6669,200
6725,199
6778,203
6831,201
6886,201
6946,201
7003,202
7058,201
7113,200
7167,202
7229,200
7285,203
7340,185
7393,177
7448,172
7508,170
7566,166
7620,169
7675,168
7730,165
7791,168
7846,168
7901,166
7955,166
8009,161
8070,170
8126,166
8183,165
8239,165
8293,166
8353,169
8410,168
8465,168
8521,166
8577,169
8638,166
8694,168
8748,168
8803,169
8855,165
8917,165
8971,164
9024,168
9080,168
9133,166
9194,165
9248,165
9305,165
9357,168
9411,168
9473,165
9527,166
9582,165
9636,168
9690,169
9751,165
9808,166
9865,164
9920,162
9976,168
10039,166
10098,165
10155,168
10208,165
10262,166
10321,168
10379,170
10437,165
10494,165
10548,168
10609,166
10665,166
10721,166
10775,165
10830,166
10890,166
10947,166
11003,166
11058,165
11113,169
11174,166
11229,165
11284,165
11338,165
11390,166
11452,166
11506,166
11562,169
11618,166
11673,170
11735,164
11791,165
11847,166
11901,166
11955,166
12017,166
12071,165
12127,165
12181,170
12235,166
12296,166
12352,165
12405,166
12461,164
12514,169
12574,169
12630,169
12684,166
12737,166
12791,166
12852,165
12907,166
12960,168
13013,166
13068,166
13129,166
13184,166
13238,167
13292,165
13346,165
13408,164
13465,170
13521,168
13574,164
13629,168
13688,167
13745,169
13801,166
13856,169
13910,169
13971,165
14028,162
14083,165
14137,165
14192,168
14252,166
14311,170
14369,168
14420,166
14473,169
14536,167
14596,166
14651,170
14707,166
14761,165
14822,166
14878,166
14933,166
14988,166
15042,165
15103,166
15160,169
15214,165
15268,166
15322,164
15383,165
15440,166
15495,166
15552,166
15606,166
15667,168
15723,166
15778,166
15833,168
15887,166
15948,162
16005,165
16060,168
16114,165
16168,166
16227,168
16284,168
16337,166
16391,170
16446,162
16506,167
16563,165
16617,168
16670,165
16726,166
16787,165
16843,166
16898,165
16953,171
17009,166
17068,167
17128,165
17183,165
17237,164
17291,165
17353,168
17408,170
17462,167
17517,167
17570,165
17630,165
17684,168
17739,165
17792,165
17847,164
17907,169
17964,169
18019,166
18074,165
18128,165
18188,165
18246,170
18301,167
18356,165
18409,168
18470,167
18525,165
18579,166
18634,165
18688,166
18748,168
18804,168
18859,168
18913,165
18967,166
19027,167
19084,166
19139,166
19194,165
19249,166
19311,165
19366,166
19420,165
19475,168
19530,168
19592,166
19650,166
19704,166
19760,168
19814,169
19872,166
19930,170
19984,167
20037,166
20091,168
20152,169
20210,168
20264,165
20317,168
20371,169
20429,164
20487,166
20542,166
20598,168
20651,165
20711,165
20769,166
20822,168
20876,166
20932,165
20992,169
21049,167
21103,165
21157,169
21210,166
21272,166
21329,166
21384,165
21441,166
21494,165
21553,166
21610,168
21664,168
21719,166
21774,165
21836,165
21892,166
21946,166
21999,169
22054,165
22115,171
22171,164
22225,166
22279,166
22334,169
22396,166
22455,168
22508,166
22562,165
22616,165
22676,170
22734,167
22787,165
22841,166
22895,165
22957,168
23016,165
23073,168
23129,168
23183,169
23243,163
23301,165
23357,165
23410,168
23465,164
23525,168
23582,166
23636,168
23690,166
23743,170
23805,165
23861,166
23916,166
23971,165
24025,164
24086,166
24143,166
24196,164
24250,168
24304,166
24366,166
24423,169
24476,166
24531,168
24585,167
24646,165
24703,168
24758,164
24813,169
24867,165
24925,166
24983,165
25038,165
25093,165
25146,168
25208,167
25264,168
25320,170
25375,166
25429,168
25492,168
25548,166
25603,167
25659,168
25713,166
25773,166
25828,166
25882,166
25937,168
25991,166
26051,168
26107,166
26162,168
26216,166
26271,165
26332,165
26389,166
26445,165
26498,166
26552,165
26612,166
26668,165
26722,170
26775,166
26830,165
26889,164
26947,168
27002,165
27056,166
27111,166
27171,170
27226,165
27282,170
27337,169
27390,166
27451,165
27509,168
27565,165
27620,166
27673,166
27734,166
27789,167
27844,169
27898,165
27952,169
28013,165
28071,166
28125,165
28179,166
28234,164
28295,170
28352,165
28406,168
28459,166
28514,165
28575,166
28631,165
28686,168
28741,166
28795,166
28855,167
28914,165
28970,169
29023,166
29077,166
29137,168
29192,165
29247,165
29304,166
29359,165
