123,138
238,138
305,138
362,138
418,138
474,138
529,138
590,138
647,138
702,137
756,138
811,138
869,137
925,138
980,138
1034,138
1090,138
1151,138
1207,138
1262,138
1316,138
1369,138
1429,138
1485,138
1539,138
1594,139
1649,138
1711,138
1767,139
1823,138
1877,138
1930,138
1990,138
2047,138
2101,138
2154,138
2208,138
2268,138
2325,138
2378,139
2433,138
2488,137
2547,138
2606,138
2663,134
2718,138
2772,138
2835,139
2888,137
2942,138
2996,138
3048,140
3110,138
3169,138
3223,139
3278,138
3333,137
3393,138
3449,138
3504,137
3558,138
3612,138
3673,138
3730,138
3785,138
3838,138
3890,138
3951,138
4008,137
4062,138
4118,136
4171,138
4233,138
4292,139
4348,138
4401,139
4455,138
4517,138
4575,139
4629,138
4684,139
4739,138
4801,138
4855,137
4909,138
4962,138
5016,138
5161,139
5220,138
5283,137
5400,139
5708,174
5822,179
5878,185
5934,187
5986,189
6040,189
6100,192
6157,189
6213,188
6266,189
6319,189
6380,188
6437,190
6491,188
6547,187
6600,190
6660,187
6717,189
6772,189
6827,188
6882,188
6944,193
7001,193
7056,180
7111,172
7165,169
7225,169
7281,166
7339,165
7392,166
7447,165
7509,166
7567,166
7624,164
7678,166
7732,163
7791,165
7846,165
7901,166
7955,165
8011,166
8069,166
8125,166
8178,163
8233,165
8287,165
8348,166
8405,165
8460,166
8516,164
8571,164
8632,168
8688,163
8741,165
8796,166
8851,170
8911,163
8967,166
9023,164
9077,165
9132,165
9195,169
9254,168
9308,165
9363,166
9417,164
9478,169
9536,164
9589,165
9643,165
9697,169
9758,162
9815,165
9870,164
9925,164
9978,166
10041,165
10097,165
10152,164
10208,165
10263,168
10323,166
10378,166
10433,163
10488,165
10541,165
10602,164
10659,166
10713,164
10768,166
10821,165
10880,164
10935,165
10991,165
11046,163
11099,168
11160,165
11217,164
11271,166
11326,166
11379,166
11440,166
11496,164
11550,168
11604,165
11658,164
11720,166
11775,164
11829,166
11884,166
11938,165
11999,165
12056,168
12113,165
12167,166
12222,169
12282,168
12340,165
12395,163
12450,165
12505,164
12565,169
12621,164
12675,166
12730,166
12784,164
12846,164
12903,165
12956,162
13010,165
13064,166
13122,166
13180,166
13236,165
13289,166
13344,166
13406,165
13461,166
13516,165
13570,166
13624,169
13686,164
13743,163
13800,165
13855,166
13909,165
13971,165
14029,164
14084,166
14138,165
14191,166
14250,165
14308,168
14363,164
14419,165
14473,166
14533,162
14589,165
14642,169
14696,165
14752,168
14815,166
14870,169
14927,164
14981,165
15036,164
15096,165
15152,165
15209,168
15263,164
15317,166
15379,163
15434,165
15490,166
15545,164
15597,166
15659,166
15714,166
15767,169
15821,163
15874,166
15936,166
15992,165
16045,170
16100,164
16155,164
16215,165
16274,164
16327,166
16381,164
16437,164
16496,164
16552,165
16608,165
16661,165
16716,169
16778,166
16835,166
16888,166
16942,165
16997,164
17059,164
17114,166
17167,166
17220,166
17276,168
17337,165
17392,166
17448,164
17503,164
17557,166
17619,164
17675,165
17730,165
17783,165
17838,164
17896,169
17952,166
18006,165
18060,163
18114,164
18178,169
18235,166
18291,166
18345,166
18398,165
18459,165
18516,165
18571,166
18624,161
18676,164
18737,164
18797,164
18851,166
18905,164
18959,166
19018,163
19073,165
19128,164
19183,162
19238,165
19297,162
19352,165
19406,165
19462,166
19517,166
19579,164
19634,166
19687,166
19743,165
19797,166
19858,164
19911,166
19965,164
20018,168
20073,168
20134,165
20191,169
20247,168
20301,164
20355,164
20414,165
20471,168
20525,164
20578,168
20634,164
20694,165
20749,164
20803,165
20858,168
20913,166
20974,165
21032,166
21087,165
21141,164
21196,168
21257,165
21314,166
21369,166
21424,164
21479,165
21537,166
21596,164
21651,164
21705,167
21759,166
21820,166
21874,165
21928,167
21983,170
22038,164
22098,166
22155,166
22209,166
22264,166
22318,168
22379,166
22434,168
22488,166
22541,168
22595,164
22656,169
22712,166
22768,168
22822,166
22875,166
22936,168
22994,168
23051,169
23108,168
23163,164
23224,165
23281,166
23336,164
23391,168
23446,169
23505,165
23562,166
23617,165
23671,164
23725,168
23786,163
23843,164
23897,170
23950,165
24005,166
24066,165
24121,166
24177,165
24232,166
24288,166
24346,163
24404,166
24457,165
24511,166
24565,162
24627,166
24684,166
24741,166
24794,166
24850,166
24913,166
24970,165
25023,166
25078,164
25133,166
25194,164
25252,165
25308,164
25361,164
25417,165
25477,165
25533,164
25587,165
25642,166
25696,169
25754,166
25814,166
25868,165
25923,164
25976,164
26036,163
26092,165
26145,164
26201,168
26254,163
26315,166
26372,165
26425,166
26480,165
26534,166
26593,165
26648,164
26702,164
26758,162
26811,165
26872,164
26929,166
26984,165
27038,163
27093,165
27153,166
27209,164
27264,165
27318,166
27371,166
27431,163
27487,166
27541,165
27595,164
27649,165
27709,165
27767,166
27821,166
27874,164
27928,164
27989,164
28047,166
28102,169
28157,168
28210,165
28270,165
28331,165
28388,165
28442,166
28498,164
28558,164
28617,168
28674,164
28726,165
28781,165
28841,165
28898,165
28953,163
29009,168
29064,164
29126,163
29183,168
29237,168
29291,165
29345,165
