120,139
228,139
288,139
343,139
408,139
464,139
518,139
573,139
627,139
687,139
743,138
798,140
851,139
906,139
967,139
1027,139
1083,139
1139,140
1194,139
1255,139
1311,139
1366,139
1421,140
1475,139
1534,139
1591,139
1644,139
1698,140
1754,139
1814,139
1872,139
1927,139
1982,140
2035,139
2097,139
2154,139
2209,139
2265,140
2318,139
2378,139
2434,139
2489,139
2544,139
2598,139
2658,138
2717,139
2770,139
2824,139
2878,139
2939,140
2996,139
3050,139
3105,139
3159,139
3219,140
3276,139
3332,139
3387,139
3441,139
3501,140
3557,139
3609,140
3663,139
3719,137
3777,139
3835,139
3890,141
3948,139
4004,139
4064,140
4123,139
4176,140
4231,139
4285,139
4348,137
4405,139
4460,139
4515,139
4567,139
4628,140
4683,139
4738,137
4794,139
4849,139
4910,139
4967,139
5081,139
5161,139
5223,139
5293,141
5412,140
5738,179
5828,194
5884,203
5954,204
6011,205
6065,204
6119,206
6172,205
6233,210
6293,206
6348,205
6402,208
6456,206
6518,208
6573,209
6629,206
6684,205
6738,209
6800,205
6857,210
6913,211
6969,208
7021,206
7084,206
7141,208
7194,204
7248,205
7302,206
7362,208
7420,205
7473,206
7527,207
7582,206
7644,206
7699,208
7751,205
7805,210
7859,206
7919,204
7974,205
8029,205
8082,207
8137,188
8197,175
8252,173
8307,164
8360,170
8414,169
8474,166
8531,165
8585,168
8640,170
8695,168
8754,166
8812,166
8866,165
8922,169
8975,167
9036,168
9092,166
9147,166
9201,165
9257,169
9317,170
9372,166
9427,168
9481,166
9535,165
9597,165
9653,165
9705,165
9759,165
9814,168
9877,166
9934,166
9989,167
10044,165
10097,166
10159,165
10213,165
10268,172
10322,166
10377,168
10436,169
10492,166
10548,166
10601,166
10655,169
10715,164
10773,165
10826,167
10881,167
10936,165
10995,165
11051,166
11105,168
11160,165
11213,166
11274,166
11330,168
11384,170
11438,166
11493,164
11555,163
11611,165
11664,165
11720,168
11774,166
11835,166
11891,170
11945,165
11998,166
12052,166
12113,169
12172,165
12227,166
12283,167
12336,165
12396,165
12454,166
12509,169
12565,166
12618,166
12679,168
12735,170
12788,165
12844,166
12899,169
12962,165
13018,166
13075,170
13129,168
13184,166
13246,166
13303,166
13357,166
13410,166
13462,166
13524,166
13580,168
13633,165
13687,170
13741,166
13800,168
13856,168
13910,166
13964,168
14019,166
14079,165
14137,165
14193,165
14248,168
14304,168
14365,170
14421,165
14478,164
14533,168
14589,165
14651,166
14706,164
14761,165
14814,166
14869,168
14927,169
14984,169
15038,165
15093,170
15148,166
15208,165
15268,164
15325,166
15379,166
15434,166
15497,166
15556,165
15612,171
15667,171
15721,166
15783,166
15839,166
15892,170
15948,166
16002,166
16063,166
16117,163
16172,169
16226,165
16281,167
16343,169
16399,169
16455,169
16511,165
16567,165
16629,168
16684,165
16738,170
16791,165
16845,165
16907,168
16964,166
17018,165
17072,169
17127,165
17184,166
17242,165
17296,166
17351,165
17405,166
17466,166
17523,165
17580,167
17634,166
17687,166
17748,168
17804,165
17857,166
17911,165
17966,168
18028,168
18084,166
18139,165
18194,166
18249,168
18310,169
18367,166
18420,168
18476,170
18528,166
18590,165
18644,168
18699,166
18753,165
18807,166
18869,169
18926,165
18982,166
19036,168
19091,166
19152,166
19209,166
19263,170
19319,168
19373,166
19433,166
19490,169
19545,168
19602,170
19656,169
19716,166
19773,169
19827,166
19882,168
19936,166
19996,168
20051,166
20106,166
20160,168
20213,165
20272,169
20331,168
20385,165
20441,164
20496,166
20557,166
20613,170
20667,163
20721,165
20776,169
20837,169
20896,168
20951,166
21006,168
21060,166
21121,165
21176,168
21230,165
21283,165
21338,168
21397,167
21454,171
21510,165
21564,165
21618,168
21680,166
21736,170
21791,165
21844,169
21899,168
21960,170
22015,165
22069,170
22123,169
22177,170
22238,167
22293,168
22348,166
22402,165
22456,166
22517,166
22575,164
22629,165
22685,165
22741,163
22803,169
22859,170
22914,166
22968,164
23023,169
23082,166
23139,166
23195,164
23250,166
23303,165
23364,166
23420,167
23477,168
23531,166
23585,166
23645,168
23702,167
23759,168
23815,166
23871,165
23931,166
23986,168
24039,166
24093,166
24147,164
24206,164
24263,166
24318,170
24372,166
24426,168
24486,166
24543,165
24598,164
24652,166
24705,165
24766,166
24822,166
24877,165
24931,166
24985,166
25045,166
25103,166
25156,164
25210,166
25265,165
25326,165
25382,168
25436,165
25491,166
25545,165
25607,166
25663,170
25715,166
25769,163
25823,168
25885,168
25940,168
25994,165
26047,166
26100,170
26162,164
26219,162
26275,170
26328,165
26382,165
26443,166
26498,168
26552,165
26607,165
26662,165
26724,166
26781,168
26833,164
26888,170
26940,166
27004,167
27061,169
27116,170
27172,170
27225,168
27285,168
27342,164
27399,170
27452,162
27507,165
27569,165
27626,166
27681,166
27736,165
27789,165
27850,168
27905,163
27961,170
28016,169
28070,168
28130,170
28186,166
28243,166
28297,166
28351,168
28412,166
28468,165
28524,170
28580,171
28635,166
28696,166
28751,166
28806,166
28859,168
28913,166
28976,165
29032,164
29089,162
29143,165
29198,170
29257,166
29314,164
29369,168
