77.000000
77.000000
77.000000
77.000000
77.000000
77.000000
77.000000
77.000000
77.000000
77.000000
77.000000
75.000000
78.000000
78.000000
79.000000
77.000000
77.000000
77.000000
77.000000
77.000000
77.000000
78.000000
75.000000
78.000000
79.000000
77.000000
77.000000
77.000000
77.000000
77.000000
77.000000
77.000000
77.000000
80.000000
77.000000
77.000000
77.000000
77.000000
77.000000
77.000000
77.000000
77.000000
77.000000
77.000000
77.000000
77.000000
77.000000
77.000000
77.000000
77.000000
77.000000
77.000000
77.000000
77.000000
77.000000
77.000000
77.000000
77.000000
77.000000
77.000000
77.000000
77.000000
75.000000
78.000000
77.000000
77.000000
77.000000
77.000000
77.000000
77.000000
77.000000
78.000000
77.000000
77.000000
76.000000
76.000000
77.000000
77.000000
77.000000
77.000000
77.000000
77.000000
77.000000
77.000000
77.000000
77.000000
77.000000
76.000000
78.000000
77.000000
78.000000
77.000000
77.000000
77.000000
77.000000
77.000000
77.000000
77.000000
77.000000
77.000000
77.000000
77.000000
78.000000
78.000000
78.000000
78.000000
77.000000
77.000000
77.000000
77.000000
77.000000
78.000000
77.000000
77.000000
77.000000
77.000000
110.000000
118.000000
124.000000
122.000000
126.000000
126.000000
126.000000
127.000000
126.000000
124.000000
102.000000
126.000000
125.000000
128.000000
126.000000
124.000000
128.000000
126.000000
123.000000
128.000000
124.000000
128.000000
128.000000
130.000000
113.000000
130.000000
128.000000
123.000000
126.000000
125.000000
110.000000
128.000000
130.000000
128.000000
130.000000
115.000000
110.000000
107.000000
104.000000
106.000000
101.000000
101.000000
99.000000
99.000000
100.000000
100.000000
100.000000
99.000000
102.000000
99.000000
98.000000
100.000000
98.000000
100.000000
100.000000
100.000000
98.000000
100.000000
101.000000
99.000000
97.000000
97.000000
100.000000
98.000000
99.000000
98.000000
100.000000
102.000000
98.000000
98.000000
98.000000
98.000000
98.000000
99.000000
95.000000
98.000000
100.000000
103.000000
100.000000
102.000000
98.000000
98.000000
101.000000
99.000000
101.000000
104.000000
100.000000
101.000000
99.000000
102.000000
102.000000
99.000000
98.000000
99.000000
100.000000
102.000000
99.000000
98.000000
99.000000
98.000000
99.000000
97.000000
100.000000
98.000000
100.000000
98.000000
101.000000
99.000000
99.000000
97.000000
104.000000
100.000000
99.000000
100.000000
98.000000
99.000000
99.000000
102.000000
100.000000
98.000000
99.000000
98.000000
99.000000
99.000000
98.000000
99.000000
100.000000
100.000000
99.000000
99.000000
101.000000
98.000000
98.000000
99.000000
98.000000
99.000000
99.000000
98.000000
100.000000
101.000000
